A 0.2 255,255,255
C 0,40,-50 0,-0.5,1 70
L -30,20,-20 0.7 255,200,255
L 30,20,-20 0.7 200,255,255
L 0,20,20 0.7 255,255,200
pl 0,-10,0 0,1,0 100,100,100 0.2,0.6,0.9,10 DEFAULT DEFAULT
sp -15,0,0 8 255,200,255 0.1,0.3,0.95,50 DEFAULT DEFAULT
sp 15,0,0 8 200,255,255 0.1,0.3,0.95,50 DEFAULT DEFAULT
sp 0,0,15 8 255,255,200 0.1,0.3,0.95,50 DEFAULT DEFAULT
sp -7,2,7 3 255,255,255 0.1,0.2,0.98,100 DEFAULT DEFAULT
sp 7,2,7 3 255,255,255 0.1,0.2,0.98,100 DEFAULT DEFAULT


A 0.1 255,255,255
C -50,30,-50 1,-0.3,1 70
L -20,40,-20 0.8 150,50,255
L 20,40,20 0.8 50,255,150
pl 0,-10,0 0,1,0 20,20,20 0.1,0.7,0.9,30  DEFAULT DEFAULT
cy 0,-10,0 0,1,0 8 40 100,50,255 0.2,0.6,0.9,20 DEFAULT DEFAULT
cy -15,-10,15 0,1,0 6 30 50,255,150 0.2,0.6,0.9,20 DEFAULT DEFAULT
cy 15,-10,-15 0,1,0 6 35 150,255,50 0.2,0.6,0.9,20 DEFAULT DEFAULT
sp 0,20,0 5 255,255,255 0.1,0.4,0.95,100 DEFAULT DEFAULT
sp -15,15,15 3 255,255,255 0.1,0.4,0.95,100 DEFAULT DEFAULT
sp 15,17,-15 3 255,255,255 0.1,0.4,0.95,100 DEFAULT DEFAULT

A 0.3 255,200,150
C -40,10,-40 1,0,1 70
L 100,80,-100 1 255,200,150
L -20,40,20 0.3 150,200,255
pl 0,-10,0 0,1,0 80,60,40 0.3,0.6,0.6,10 DEFAULT DEFAULT
cy -12,-10,0 0,1,0 4 30 255,220,180 0.3,0.6,0.8,20 DEFAULT DEFAULT
cy 0,-10,0 0,1,0 4 35 255,210,170 0.3,0.6,0.8,20 DEFAULT DEFAULT
cy 12,-10,0 0,1,0 4 25 255,200,160 0.3,0.6,0.8,20 DEFAULT DEFAULT
sp -12,20,0 3 255,240,200 0.3,0.5,0.9,30 DEFAULT DEFAULT
sp 0,25,0 3 255,240,200 0.3,0.5,0.9,30 DEFAULT DEFAULT
sp 12,15,0 3 255,240,200 0.3,0.5,0.9,30 DEFAULT DEFAULT

A 0.1 20,20,30
C 0,10,-50 0,0,1 70
L -20,20,0 0.8 255,50,255
L 20,20,0 0.8 50,255,255
L 0,20,20 0.8 255,255,50
pl 0,-10,0 0,1,0 20,20,25 0.2,0.7,0.9,50 DEFAULT DEFAULT
cy -15,-10,0 0,1,0 3 40 255,50,255 0.2,0.4,0.95,100 DEFAULT DEFAULT
cy 15,-10,0 0,1,0 3 35 50,255,255 0.2,0.4,0.95,100 DEFAULT DEFAULT
cy 0,-10,20 0,1,0 3 30 255,255,50 0.2,0.4,0.95,100 DEFAULT DEFAULT
sp -15,30,0 5 255,50,255 0.2,0.3,0.98,200 DEFAULT DEFAULT
sp 15,25,0 5 50,255,255 0.2,0.3,0.98,200 DEFAULT DEFAULT
sp 0,20,20 5 255,255,50 0.2,0.3,0.98,200 DEFAULT DEFAULT

A 0.3 255,255,255
C 100,50,100 -1,-0.3,-1 90
L 0,60,0 1 255,255,255
L 40,30,40 0.6 255,100,255
L -40,30,40 0.6 100,255,255
pl 0,-20,0 0,1,0 50,50,80 0.2,0.6,0.9,100 DEFAULT DEFAULT
sp 0,0,0 15 255,255,255 0.1,0.4,0.95,200 DEFAULT DEFAULT
sp -20,20,0 10 255,100,255 0.1,0.4,0.95,200 DEFAULT DEFAULT
sp 20,20,0 10 100,255,255 0.1,0.4,0.95,200 DEFAULT DEFAULT
cy 0,-20,0 0,1,0 3 40 200,200,255 0.3,0.5,0.9,100 DEFAULT DEFAULT
cy -20,-20,0 0,1,0 3 60 255,200,255 0.3,0.5,0.9,100 DEFAULT DEFAULT
cy 20,-20,0 0,1,0 3 60 200,255,255 0.3,0.5,0.9,100 DEFAULT DEFAULT

A 0.2 255,255,255
C 80,40,80 -1,-0.3,-1 90
L 0,100,0 1 255,255,255
L 50,30,0 0.7 255,100,100
L -50,30,0 0.7 100,100,255
L 0,30,50 0.7 100,255,100
pl 0,-10,0 0,1,0 30,30,50 0.2,0.8,0.95,100 DEFAULT DEFAULT
cy 0,-10,0 0,1,0 8 60 255,255,255 0.2,0.5,0.9,150 DEFAULT DEFAULT
cy -20,-10,-20 0,1,0 6 40 255,100,100 0.2,0.5,0.9,150 DEFAULT DEFAULT
cy 20,-10,-20 0,1,0 6 40 100,100,255 0.2,0.5,0.9,150 DEFAULT DEFAULT
cy 0,-10,-35 0,1,0 6 40 100,255,100 0.2,0.5,0.9,150 DEFAULT DEFAULT
sp 0,50,0 10 255,255,255 0.1,0.3,0.98,300 DEFAULT DEFAULT
sp -20,30,-20 8 255,100,100 0.1,0.3,0.98,300 DEFAULT DEFAULT
sp 20,30,-20 8 100,100,255 0.1,0.3,0.98,300 DEFAULT DEFAULT
sp 0,30,-35 8 100,255,100 0.1,0.3,0.98,300 DEFAULT DEFAULT

A 0.15 255,255,255
C 0,70,100 0,-0.5,-1 90
L 30,60,0 0.8 255,200,150
L -30,60,0 0.8 150,200,255
L 0,60,-30 0.8 200,255,150
pl 0,-20,0 0,1,0 20,20,40 0.2,0.7,0.95,200 DEFAULT DEFAULT
sp 0,20,0 25 255,255,255 0.1,0.4,0.98,400 DEFAULT DEFAULT
cy -25,0,0 1,1,0 3 40 255,200,150 0.2,0.6,0.9,150 DEFAULT DEFAULT
cy 25,0,0 -1,1,0 3 40 150,200,255 0.2,0.6,0.9,150 DEFAULT DEFAULT
cy 0,0,-25 0,1,1 3 40 200,255,150 0.2,0.6,0.9,150 DEFAULT DEFAULT
sp -25,40,0 8 255,200,150 0.1,0.3,0.98,300 DEFAULT DEFAULT
sp 25,40,0 8 150,200,255 0.1,0.3,0.98,300 DEFAULT DEFAULT
sp 0,40,-25 8 200,255,150 0.1,0.3,0.98,300 DEFAULT DEFAULT

A 0.2 255,255,255
C 100,70,100 -0.7,-0.3,-0.7 90
L 0,50,0 1 255,255,255
L 40,40,0 0.8 255,50,50
L -40,40,0 0.8 50,50,255
L 0,40,40 0.8 50,255,50
sp 0,0,0 30 255,255,255 0.1,0.3,0.98,300 DEFAULT DEFAULT
cy 0,-15,0 1,1,0 5 30 255,50,50 0.2,0.6,0.9,100 DEFAULT DEFAULT
cy 0,-15,0 -1,1,0 5 30 50,50,255 0.2,0.6,0.9,100 DEFAULT DEFAULT
cy 0,-15,0 0,1,1 5 30 50,255,50 0.2,0.6,0.9,100 DEFAULT DEFAULT
cy 0,-15,0 0,1,-1 5 30 255,255,50 0.2,0.6,0.9,100 DEFAULT DEFAULT
pl 0,-20,0 0,1,0 20,20,40 0.2,0.7,0.95,200 DEFAULT DEFAULT

A 0.2 255,255,255
C 150,100,150 -0.7,-0.3,-0.7 90
L 0,200,0 1 255,255,255
L 100,100,0 0.8 255,100,100
L -100,100,0 0.8 100,100,255
sp 0,0,0 15 255,255,255 0.1,0.4,0.98,300 DEFAULT DEFAULT
cy 0,-20,0 0,1,0 3 200 255,255,255 0.2,0.6,0.95,200 DEFAULT DEFAULT
sp 20,0,0 8 255,100,100 0.1,0.3,0.98,300 DEFAULT DEFAULT
sp -20,20,0 8 100,100,255 0.1,0.3,0.98,300 DEFAULT DEFAULT
sp 20,40,0 8 255,100,100 0.1,0.3,0.98,300 DEFAULT DEFAULT
sp -20,60,0 8 100,100,255 0.1,0.3,0.98,300 DEFAULT DEFAULT
sp 20,80,0 8 255,100,100 0.1,0.3,0.98,300 DEFAULT DEFAULT
sp -20,100,0 8 100,100,255 0.1,0.3,0.98,300 DEFAULT DEFAULT
pl 0,-30,0 0,1,0 30,30,50 0.2,0.7,0.95,200 DEFAULT DEFAULT

A 0.15 255,255,255
C 120,80,120 -0.7,-0.3,-0.7 90
L 0,60,0 1 255,255,255
L 50,50,0 0.8 255,50,255
L -50,50,0 0.8 50,255,255
cy 0,-10,0 0,1,0 40 2 255,255,255 0.2,0.6,0.95,200 DEFAULT DEFAULT
cy 0,-10,0 0,1,0 35 2 255,100,255 0.2,0.6,0.95,200 DEFAULT DEFAULT
cy 0,-10,0 0,1,0 30 2 255,50,255 0.2,0.6,0.95,200 DEFAULT DEFAULT
cy 0,-10,0 0,1,0 25 2 100,50,255 0.2,0.6,0.95,200 DEFAULT DEFAULT
cy 0,-10,0 0,1,0 20 2 50,100,255 0.2,0.6,0.95,200 DEFAULT DEFAULT
pl 0,-10,0 0,1,0 20,20,40 0.2,0.7,0.95,200 DEFAULT DEFAULT
sp 0,20,0 10 255,255,255 0.1,0.3,0.98,400 DEFAULT DEFAULT

A 0.2 255,255,255
C 200,150,200 -0.7,-0.3,-0.7 90
L 0,100,0 1 255,255,255
L 100,50,-100 0.7 255,100,100
L -100,50,-100 0.7 100,100,255
cy -40,-20,-40 0,1,0 5 100 255,100,100 0.2,0.6,0.95,200 DEFAULT DEFAULT
cy 40,-20,-40 0,1,0 5 100 100,100,255 0.2,0.6,0.95,200 DEFAULT DEFAULT
cy 0,-20,0 0,1,0 5 150 255,255,255 0.2,0.6,0.95,200 DEFAULT DEFAULT
sp -40,80,-40 15 255,100,100 0.1,0.3,0.98,300 DEFAULT DEFAULT
sp 40,80,-40 15 100,100,255 0.1,0.3,0.98,300 DEFAULT DEFAULT
sp 0,130,0 20 255,255,255 0.1,0.3,0.98,300 DEFAULT DEFAULT
pl 0,-20,0 0,1,0 20,20,40 0.2,0.7,0.95,200 DEFAULT DEFAULT

A 0.15 255,255,255
C 150,100,150 -0.7,-0.3,-0.7 90
L 0,80,0 1 255,255,255
L 60,60,0 0.8 255,150,50
L -60,60,0 0.8 50,150,255
sp 0,50,0 25 255,255,255 0.1,0.3,0.98,400 DEFAULT DEFAULT
cy -30,0,0 0.5,1,0 3 80 255,150,50 0.2,0.6,0.95,200 DEFAULT DEFAULT
cy 30,0,0 -0.5,1,0 3 80 50,150,255 0.2,0.6,0.95,200 DEFAULT DEFAULT
cy 0,0,-30 0,1,0.5 3 80 150,255,50 0.2,0.6,0.95,200 DEFAULT DEFAULT
cy 0,0,30 0,1,-0.5 3 80 150,50,255 0.2,0.6,0.95,200 DEFAULT DEFAULT
pl 0,-20,0 0,1,0 20,20,40 0.2,0.7,0.95,200 DEFAULT DEFAULT

A 0.2 255,255,255
C 180,120,180 -0.7,-0.3,-0.7 90
L 0,100,0 1 255,255,255
L 80,80,0 0.8 255,50,50
L -80,80,0 0.8 50,50,255
sp 0,0,0 40 255,255,255 0.1,0.3,0.98,400 DEFAULT DEFAULT
cy 0,0,0 1,0,0 2 100 255,50,50 0.2,0.6,0.95,200 DEFAULT DEFAULT
cy 0,0,0 -1,0,0 2 100 50,50,255 0.2,0.6,0.95,200 DEFAULT DEFAULT
cy 0,0,0 0,0,1 2 100 50,255,50 0.2,0.6,0.95,200 DEFAULT DEFAULT
cy 0,0,0 0,0,-1 2 100 255,255,50 0.2,0.6,0.95,200 DEFAULT DEFAULT
sp 50,0,0 10 255,50,50 0.1,0.3,0.98,300 DEFAULT DEFAULT
sp -50,0,0 10 50,50,255 0.1,0.3,0.98,300 DEFAULT DEFAULT
sp 0,0,50 10 50,255,50 0.1,0.3,0.98,300 DEFAULT DEFAULT
sp 0,0,-50 10 255,255,50 0.1,0.3,0.98,300 DEFAULT DEFAULT
pl 0,-50,0 0,1,0 20,20,40 0.2,0.7,0.95,200 DEFAULT DEFAULT